latitude: 8.8895461
longitude: -77.0361769
